1 1 43220321320
0 2 63802082347 != 63793693739 (real)
1 3 43220321320
1 4 43220321282
1 5 43220321280
1 6 52930151457
1 7 43220321288
0 8 43220321314 != 43220304930 (real)
1 9 43220321320
0 10 63802082347 != 63793693739 (real)
0 11 43220321320 != 43220304936 (real)
1 12 63384355881
0 13 43220321280 != 43220304896 (real)
1 14 52930151465
0 15 43220321288 != 43220304904 (real)
1 16 63384355873
1 17 43220321288
1 18 52930151457
1 19 43220321288
1 20 43220321314
1 21 43220321312
0 22 52930151457 != 52921762849 (real)
1 23 43220321320
1 24 43220321314
0 25 43220321320 != 43220304936 (real)
0 26 52930151465 != 52921762857 (real)
1 27 43220321320
1 28 63384355881
1 29 43220321312
1 30 52930151465
0 31 43220321320 != 43220304936 (real)
1 32 63384355841
1 33 43220321320
0 34 52930151425 != 52921762817 (real)
1 35 43220321320
1 36 43220321282
1 37 43220321280
1 38 52930151425
0 39 43220321288 != 43220304904 (real)
1 40 43220321314
1 41 43220321320
0 42 52930151433 != 52921762825 (real)
0 43 43220321320 != 43220304936 (real)
1 44 63384355849
1 45 43220321280
0 46 52930151433 != 52921762825 (real)
1 47 43220321288
1 48 63384355841
1 49 43220321288
0 50 63802082347 != 63793693739 (real)
1 51 43220321288
0 52 1245811114048 != 1245811113984 (real)
1 53 1245811114048
1 54 3453990469760
0 55 1245811114048 != 1245811113984 (real)
1 56 1245811114054
1 57 1245811114048
1 58 4083337396870
1 59 1245811114052
0 60 4082904336901 != 4082904336389 (real)
1 61 1245811114052
1 62 3453990469760
1 63 1245811114048
1 64 63384355873
1 65 37996397600
1 66 37715608586
1 67 37715608584
0 68 43220321282 != 43220304898 (real)
0 69 43220321280 != 43220304896 (real)
1 70 52930151457
1 71 43220321288
0 72 43220321314 != 43220304930 (real)
1 73 37996397608
1 74 37715608618
1 75 37715608616
1 76 63384355881
0 77 43220321280 != 43220304896 (real)
1 78 52930151465
0 79 43220321288 != 43220304904 (real)
1 80 63384355873
1 81 63384355874
1 82 37715608586
1 83 37715608584
1 84 43220321314
0 85 43220321312 != 43220304928 (real)
1 86 52930151457
0 87 43220321320 != 43220304936 (real)
1 88 43220321314
1 89 63384355882
1 90 37715608586
1 91 37715608584
1 92 63384355881
0 93 43220321312 != 43220304928 (real)
0 94 52930151465 != 52921762857 (real)
0 95 43220321320 != 43220304936 (real)
1 96 63384355841
1 97 63384355842
1 98 37715608586
1 99 37715608584
1 100 43220321282
