8166677026230 1
8166677026229 2
8166677026228 3
8166677026227 4
8166677026226 5
8166677026225 6
8166677026224 7
8166677026239 8
8166677026238 9
8166677026237 10
8166677026236 11
8166677026235 12
8166677026234 13
8166677026233 14
8166677026232 15
8166677026215 16
8166677026214 17
8166677026213 18
8166677026212 19
8166677026211 20
8166677026210 21
8166677026209 22
8166677026208 23
8166677026223 24
8166677026222 25
8166677026221 26
8166677026220 27
8166677026219 28
8166677026218 29
8166677026217 30
8166677026216 31
8166677026199 32
8166677026198 33
8166677026197 34
8166677026196 35
8166677026195 36
8166677026194 37
8166677026193 38
8166677026192 39
8166677026207 40
8166677026206 41
8166677026205 42
8166677026204 43
8166677026203 44
8166677026202 45
8166677026201 46
8166677026200 47
8166677026183 48
8166677026182 49
8166677026181 50
8166677026180 51
8166677026179 52
8166677026178 53
8166677026177 54
8166677026176 55
8166677026191 56
8166677026190 57
8166677026189 58
8166677026188 59
8166677026187 60
8166677026186 61
8166677026185 62
8166677026184 63
8166677026295 64
8166677026294 65
8166677026293 66
8166677026292 67
8166677026291 68
8166677026290 69
8166677026289 70
8166677026288 71
8166677026303 72
8166677026302 73
8166677026301 74
8166677026300 75
8166677026299 76
8166677026298 77
8166677026297 78
8166677026296 79
8166677026279 80
8166677026278 81
8166677026277 82
8166677026276 83
8166677026275 84
8166677026274 85
8166677026273 86
8166677026272 87
8166677026287 88
8166677026286 89
8166677026285 90
8166677026284 91
8166677026283 92
8166677026282 93
8166677026281 94
8166677026280 95
8166677026263 96
8166677026262 97
8166677026261 98
8166677026260 99
8166677026259 100
